1313719112 12023
1313720639 11858
1313723554 11947
1313727055 12228
1313736820 12332
1313743797 12486
1313745443 12850
1313747702 12851
1314309123 12851
1314428394 13090
1314429538 13094
1314430791 13129
1314469732 13174
1314511535 12921
1314513293 12922
1314646378 13078
1314662702 13086
1314854746 13109
1314898522 13102
1314900764 13106
1314902407 13108
1315337402 13143
1315342910 13161
1315425280 13190
1315428028 13194
1315453648 13201
1315517486 13229
1316027818 13228
1316027945 13229
1316551307 13229
1316553386 13230
1316554744 13242
1316561912 13242
